-4.625000E+4	0.000000E+0
-4.600000E+4	1.214930E-5
-4.575000E+4	0.000000E+0
-4.550000E+4	0.000000E+0
-4.525000E+4	0.000000E+0
-4.500000E+4	0.000000E+0
-4.475000E+4	0.000000E+0
-4.450000E+4	0.000000E+0
-4.425000E+4	0.000000E+0
-4.400000E+4	0.000000E+0
-4.375000E+4	0.000000E+0
-4.350000E+4	0.000000E+0
-4.325000E+4	0.000000E+0
-4.300000E+4	0.000000E+0
-4.275000E+4	0.000000E+0
-4.250000E+4	0.000000E+0
-4.225000E+4	0.000000E+0
-4.200000E+4	0.000000E+0
-4.175000E+4	0.000000E+0
-4.150000E+4	0.000000E+0
-4.125000E+4	0.000000E+0
-4.100000E+4	0.000000E+0
-4.075000E+4	0.000000E+0
-4.050000E+4	0.000000E+0
-4.025000E+4	0.000000E+0
-4.000000E+4	0.000000E+0
-3.975000E+4	0.000000E+0
-3.950000E+4	0.000000E+0
-3.925000E+4	0.000000E+0
-3.900000E+4	0.000000E+0
-3.875000E+4	0.000000E+0
-3.850000E+4	0.000000E+0
-3.825000E+4	0.000000E+0
-3.800000E+4	0.000000E+0
-3.775000E+4	0.000000E+0
-3.750000E+4	0.000000E+0
-3.725000E+4	0.000000E+0
-3.700000E+4	3.292450E-3
-3.675000E+4	3.984960E-2
-3.650000E+4	1.376880E-1
-3.625000E+4	2.023100E-1
-3.600000E+4	1.376510E-1
-3.575000E+4	3.981310E-2
-3.550000E+4	3.280300E-3
-3.525000E+4	0.000000E+0
-3.500000E+4	0.000000E+0
-3.475000E+4	0.000000E+0
-3.450000E+4	0.000000E+0
-3.425000E+4	0.000000E+0
-3.400000E+4	0.000000E+0
-3.375000E+4	0.000000E+0
-3.350000E+4	0.000000E+0
-3.325000E+4	0.000000E+0
-3.300000E+4	0.000000E+0
-3.275000E+4	0.000000E+0
-3.250000E+4	0.000000E+0
-3.225000E+4	0.000000E+0
-3.200000E+4	0.000000E+0
-3.175000E+4	0.000000E+0
-3.150000E+4	0.000000E+0
-3.125000E+4	0.000000E+0
-3.100000E+4	0.000000E+0
-3.075000E+4	0.000000E+0
-3.050000E+4	0.000000E+0
-3.025000E+4	0.000000E+0
-3.000000E+4	0.000000E+0
-2.975000E+4	0.000000E+0
-2.950000E+4	0.000000E+0
-2.925000E+4	0.000000E+0
-2.900000E+4	0.000000E+0
-2.875000E+4	0.000000E+0
-2.850000E+4	0.000000E+0
-2.825000E+4	0.000000E+0
-2.800000E+4	0.000000E+0
-2.775000E+4	0.000000E+0
-2.750000E+4	0.000000E+0
-2.725000E+4	0.000000E+0
-2.700000E+4	0.000000E+0
-2.675000E+4	0.000000E+0
-2.650000E+4	0.000000E+0
-2.625000E+4	0.000000E+0
-2.600000E+4	0.000000E+0
-2.575000E+4	0.000000E+0
-2.550000E+4	0.000000E+0
-2.525000E+4	0.000000E+0
-2.500000E+4	0.000000E+0
-2.475000E+4	0.000000E+0
-2.450000E+4	0.000000E+0
-2.425000E+4	0.000000E+0
-2.400000E+4	0.000000E+0
-2.375000E+4	0.000000E+0
-2.350000E+4	0.000000E+0
-2.325000E+4	0.000000E+0
-2.300000E+4	0.000000E+0
-2.275000E+4	0.000000E+0
-2.250000E+4	0.000000E+0
-2.225000E+4	0.000000E+0
-2.200000E+4	0.000000E+0
-2.175000E+4	0.000000E+0
-2.150000E+4	0.000000E+0
-2.125000E+4	0.000000E+0
-2.100000E+4	0.000000E+0
-2.075000E+4	0.000000E+0
-2.050000E+4	0.000000E+0
-2.025000E+4	0.000000E+0
-2.000000E+4	0.000000E+0
-1.975000E+4	0.000000E+0
-1.950000E+4	0.000000E+0
-1.925000E+4	0.000000E+0
-1.900000E+4	0.000000E+0
-1.875000E+4	0.000000E+0
-1.850000E+4	0.000000E+0
-1.825000E+4	0.000000E+0
-1.800000E+4	0.000000E+0
-1.775000E+4	0.000000E+0
-1.750000E+4	0.000000E+0
-1.725000E+4	0.000000E+0
-1.700000E+4	3.644780E-4
-1.675000E+4	4.434480E-3
-1.650000E+4	1.530810E-2
-1.625000E+4	2.245180E-2
-1.600000E+4	1.523520E-2
-1.575000E+4	4.398030E-3
-1.550000E+4	3.523290E-4
-1.525000E+4	0.000000E+0
-1.500000E+4	0.000000E+0
-1.475000E+4	0.000000E+0
-1.450000E+4	0.000000E+0
-1.425000E+4	0.000000E+0
-1.400000E+4	0.000000E+0
-1.375000E+4	0.000000E+0
-1.350000E+4	0.000000E+0
-1.325000E+4	0.000000E+0
-1.300000E+4	0.000000E+0
-1.275000E+4	0.000000E+0
-1.250000E+4	0.000000E+0
-1.225000E+4	0.000000E+0
-1.200000E+4	0.000000E+0
-1.175000E+4	0.000000E+0
-1.150000E+4	0.000000E+0
-1.125000E+4	0.000000E+0
-1.100000E+4	0.000000E+0
-1.075000E+4	0.000000E+0
-1.050000E+4	0.000000E+0
-1.025000E+4	0.000000E+0
-1.000000E+4	0.000000E+0
-9.750000E+3	0.000000E+0
-9.500000E+3	0.000000E+0
-9.250000E+3	0.000000E+0
-9.000000E+3	0.000000E+0
-8.750000E+3	0.000000E+0
-8.500000E+3	0.000000E+0
-8.250000E+3	0.000000E+0
-8.000000E+3	0.000000E+0
-7.750000E+3	0.000000E+0
-7.500000E+3	0.000000E+0
-7.250000E+3	0.000000E+0
-7.000000E+3	0.000000E+0
-6.750000E+3	0.000000E+0
-6.500000E+3	0.000000E+0
-6.250000E+3	0.000000E+0
-6.000000E+3	0.000000E+0
-5.750000E+3	0.000000E+0
-5.500000E+3	0.000000E+0
-5.250000E+3	0.000000E+0
-5.000000E+3	0.000000E+0
-4.750000E+3	0.000000E+0
-4.500000E+3	0.000000E+0
-4.250000E+3	0.000000E+0
-4.000000E+3	0.000000E+0
-3.750000E+3	0.000000E+0
-3.500000E+3	0.000000E+0
-3.250000E+3	0.000000E+0
-3.000000E+3	0.000000E+0
-2.750000E+3	0.000000E+0
-2.500000E+3	0.000000E+0
-2.250000E+3	0.000000E+0
-2.000000E+3	0.000000E+0
-1.750000E+3	0.000000E+0
-1.500000E+3	0.000000E+0
-1.250000E+3	0.000000E+0
-1.000000E+3	0.000000E+0
-7.500000E+2	0.000000E+0
-5.000000E+2	0.000000E+0
-2.500000E+2	1.214930E-5
0.000000E+0	1.214930E-5
2.500000E+2	1.214930E-5
5.000000E+2	0.000000E+0
7.500000E+2	0.000000E+0
1.000000E+3	0.000000E+0
1.250000E+3	0.000000E+0
1.500000E+3	0.000000E+0
1.750000E+3	0.000000E+0
2.000000E+3	0.000000E+0
2.250000E+3	0.000000E+0
2.500000E+3	0.000000E+0
2.750000E+3	0.000000E+0
3.000000E+3	1.336420E-4
3.250000E+3	1.603700E-3
3.500000E+3	5.527920E-3
3.750000E+3	8.091410E-3
4.000000E+3	5.491470E-3
4.250000E+3	1.579400E-3
4.500000E+3	1.214930E-4
4.750000E+3	0.000000E+0
5.000000E+3	0.000000E+0
5.250000E+3	0.000000E+0
5.500000E+3	0.000000E+0
5.750000E+3	0.000000E+0
6.000000E+3	0.000000E+0
6.250000E+3	0.000000E+0
6.500000E+3	0.000000E+0
6.750000E+3	0.000000E+0
7.000000E+3	0.000000E+0
7.250000E+3	0.000000E+0
7.500000E+3	0.000000E+0
7.750000E+3	0.000000E+0
8.000000E+3	0.000000E+0
8.250000E+3	0.000000E+0
8.500000E+3	0.000000E+0
8.750000E+3	0.000000E+0
9.000000E+3	0.000000E+0
9.250000E+3	0.000000E+0
9.500000E+3	0.000000E+0
9.750000E+3	0.000000E+0
1.000000E+4	0.000000E+0
1.025000E+4	0.000000E+0
1.050000E+4	0.000000E+0
1.075000E+4	0.000000E+0
1.100000E+4	0.000000E+0
1.125000E+4	0.000000E+0
1.150000E+4	0.000000E+0
1.175000E+4	0.000000E+0
1.200000E+4	0.000000E+0
1.225000E+4	0.000000E+0
1.250000E+4	0.000000E+0
1.275000E+4	0.000000E+0
1.300000E+4	0.000000E+0
1.325000E+4	0.000000E+0
1.350000E+4	0.000000E+0
1.375000E+4	0.000000E+0
1.400000E+4	0.000000E+0
1.425000E+4	0.000000E+0
1.450000E+4	0.000000E+0
1.475000E+4	0.000000E+0
1.500000E+4	0.000000E+0
1.525000E+4	0.000000E+0
1.550000E+4	0.000000E+0
1.575000E+4	0.000000E+0
1.600000E+4	0.000000E+0
1.625000E+4	0.000000E+0
1.650000E+4	0.000000E+0
1.675000E+4	0.000000E+0
1.700000E+4	0.000000E+0
1.725000E+4	0.000000E+0
1.750000E+4	0.000000E+0
1.775000E+4	0.000000E+0
1.800000E+4	0.000000E+0
1.825000E+4	0.000000E+0
1.850000E+4	0.000000E+0
1.875000E+4	0.000000E+0
1.900000E+4	0.000000E+0
1.925000E+4	0.000000E+0
1.950000E+4	0.000000E+0
1.975000E+4	0.000000E+0
2.000000E+4	0.000000E+0
2.025000E+4	0.000000E+0
2.050000E+4	0.000000E+0
2.075000E+4	0.000000E+0
2.100000E+4	0.000000E+0
2.125000E+4	0.000000E+0
2.150000E+4	0.000000E+0
2.175000E+4	0.000000E+0
2.200000E+4	0.000000E+0
2.225000E+4	0.000000E+0
2.250000E+4	0.000000E+0
2.275000E+4	0.000000E+0
2.300000E+4	6.074630E-5
2.325000E+4	8.140010E-4
2.350000E+4	2.806480E-3
2.375000E+4	4.118600E-3
2.400000E+4	2.782180E-3
2.425000E+4	8.018520E-4
2.450000E+4	6.074630E-5
2.475000E+4	0.000000E+0
2.500000E+4	0.000000E+0
2.525000E+4	0.000000E+0
2.550000E+4	0.000000E+0
2.575000E+4	0.000000E+0
2.600000E+4	0.000000E+0
2.625000E+4	0.000000E+0
2.650000E+4	0.000000E+0
2.675000E+4	0.000000E+0
2.700000E+4	0.000000E+0
2.725000E+4	0.000000E+0
2.750000E+4	0.000000E+0
2.775000E+4	0.000000E+0
2.800000E+4	0.000000E+0
2.825000E+4	0.000000E+0
2.850000E+4	0.000000E+0
2.875000E+4	0.000000E+0
2.900000E+4	0.000000E+0
2.925000E+4	0.000000E+0
2.950000E+4	0.000000E+0
2.975000E+4	0.000000E+0
3.000000E+4	0.000000E+0
3.025000E+4	0.000000E+0
3.050000E+4	0.000000E+0
3.075000E+4	0.000000E+0
3.100000E+4	0.000000E+0
3.125000E+4	0.000000E+0
3.150000E+4	0.000000E+0
3.175000E+4	0.000000E+0
3.200000E+4	0.000000E+0
3.225000E+4	0.000000E+0
3.250000E+4	0.000000E+0
3.275000E+4	0.000000E+0
3.300000E+4	0.000000E+0
3.325000E+4	0.000000E+0
3.350000E+4	0.000000E+0
3.375000E+4	0.000000E+0
3.400000E+4	0.000000E+0
3.425000E+4	0.000000E+0
3.450000E+4	0.000000E+0
3.475000E+4	0.000000E+0
3.500000E+4	0.000000E+0
3.525000E+4	0.000000E+0
3.550000E+4	0.000000E+0
3.575000E+4	0.000000E+0
3.600000E+4	0.000000E+0
3.625000E+4	0.000000E+0
3.650000E+4	0.000000E+0
3.675000E+4	0.000000E+0
3.700000E+4	0.000000E+0
3.725000E+4	0.000000E+0
3.750000E+4	0.000000E+0
3.775000E+4	0.000000E+0
3.800000E+4	0.000000E+0
3.825000E+4	0.000000E+0
3.850000E+4	0.000000E+0
3.875000E+4	0.000000E+0
3.900000E+4	0.000000E+0
3.925000E+4	0.000000E+0
3.950000E+4	0.000000E+0
3.975000E+4	0.000000E+0
4.000000E+4	0.000000E+0
4.025000E+4	0.000000E+0
4.050000E+4	0.000000E+0
4.075000E+4	0.000000E+0
4.100000E+4	0.000000E+0
4.125000E+4	0.000000E+0
4.150000E+4	0.000000E+0
4.175000E+4	0.000000E+0
4.200000E+4	0.000000E+0
4.225000E+4	0.000000E+0
4.250000E+4	0.000000E+0
4.275000E+4	0.000000E+0
4.300000E+4	3.644780E-5
4.325000E+4	4.981200E-4
4.350000E+4	1.700900E-3
4.375000E+4	2.490600E-3
4.400000E+4	1.688750E-3
4.425000E+4	4.859710E-4
4.450000E+4	3.644780E-5
4.475000E+4	0.000000E+0
4.500000E+4	0.000000E+0
4.525000E+4	0.000000E+0
4.550000E+4	0.000000E+0
4.575000E+4	0.000000E+0
4.600000E+4	0.000000E+0
4.625000E+4	0.000000E+0
4.650000E+4	0.000000E+0
4.675000E+4	0.000000E+0
4.700000E+4	0.000000E+0
4.725000E+4	0.000000E+0
4.750000E+4	0.000000E+0
4.775000E+4	0.000000E+0
4.800000E+4	0.000000E+0
4.825000E+4	0.000000E+0
4.850000E+4	0.000000E+0
4.875000E+4	0.000000E+0
4.900000E+4	0.000000E+0
4.925000E+4	0.000000E+0
4.950000E+4	0.000000E+0
4.975000E+4	0.000000E+0
5.000000E+4	0.000000E+0
5.025000E+4	0.000000E+0
5.050000E+4	0.000000E+0
5.075000E+4	0.000000E+0
5.100000E+4	0.000000E+0
5.125000E+4	0.000000E+0
5.150000E+4	0.000000E+0
5.175000E+4	0.000000E+0
5.200000E+4	0.000000E+0
5.225000E+4	0.000000E+0
5.250000E+4	0.000000E+0
5.275000E+4	0.000000E+0
5.300000E+4	0.000000E+0
5.325000E+4	0.000000E+0
5.350000E+4	0.000000E+0
