0.000000E+0	-6.309180E+1
3.906250E+0	-6.649010E+1
7.812500E+0	-7.780810E+1
1.171880E+1	-9.955640E+1
1.562500E+1	-1.010140E+2
1.953130E+1	-1.054890E+2
2.343750E+1	-1.043660E+2
2.734380E+1	-1.034070E+2
3.125000E+1	-9.996210E+1
3.515630E+1	-9.952110E+1
3.906250E+1	-1.013320E+2
4.296880E+1	-9.945060E+1
4.687500E+1	-9.674010E+1
5.078130E+1	-9.747500E+1
5.468750E+1	-9.893320E+1
5.859380E+1	-9.930360E+1
6.250000E+1	-1.007090E+2
6.640630E+1	-1.044070E+2
7.031250E+1	-1.065820E+2
7.421880E+1	-1.058590E+2
7.812500E+1	-1.060180E+2
8.203130E+1	-1.084760E+2
8.593750E+1	-1.137550E+2
8.984380E+1	-1.259910E+2
9.375000E+1	-1.168770E+2
9.765630E+1	-1.137790E+2
1.015630E+2	-1.139200E+2
1.054690E+2	-1.101450E+2
1.093750E+2	-1.075880E+2
1.132810E+2	-1.037130E+2
1.171880E+2	-1.000270E+2
1.210940E+2	-9.977980E+1
1.250000E+2	-1.049180E+2
1.289060E+2	-1.058420E+2
1.328130E+2	-9.605810E+1
1.367190E+2	-9.377100E+1
1.406250E+2	-9.925070E+1
1.445310E+2	-1.067940E+2
1.484380E+2	-9.978570E+1
1.523440E+2	-1.015850E+2
1.562500E+2	-1.139320E+2
1.601560E+2	-1.085870E+2
1.640630E+2	-1.135440E+2
1.679690E+2	-1.101870E+2
1.718750E+2	-1.072760E+2
1.757810E+2	-1.073350E+2
1.796880E+2	-1.074230E+2
1.835940E+2	-1.161720E+2
1.875000E+2	-1.156960E+2
1.914060E+2	-1.105980E+2
1.953130E+2	-1.077640E+2
1.992190E+2	-1.069590E+2
2.031250E+2	-1.172540E+2
2.070310E+2	-1.169360E+2
2.109380E+2	-1.146610E+2
2.148440E+2	-1.031960E+2
2.187500E+2	-1.010140E+2
2.226560E+2	-1.022610E+2
2.265630E+2	-1.041780E+2
2.304690E+2	-1.099690E+2
2.343750E+2	-1.177060E+2
2.382810E+2	-1.139140E+2
2.421880E+2	-1.075520E+2
2.460940E+2	-1.057590E+2
2.500000E+2	-1.070590E+2
2.539060E+2	-1.139790E+2
2.578130E+2	-1.216630E+2
2.617190E+2	-1.107270E+2
2.656250E+2	-1.020900E+2
2.695310E+2	-1.009030E+2
2.734380E+2	-1.011670E+2
2.773440E+2	-1.019850E+2
2.812500E+2	-1.034190E+2
2.851560E+2	-1.072470E+2
2.890630E+2	-1.107920E+2
2.929690E+2	-1.090990E+2
2.968750E+2	-1.086810E+2
3.007810E+2	-1.190760E+2
3.046880E+2	-1.131790E+2
3.085940E+2	-1.098100E+2
3.125000E+2	-1.124320E+2
3.164060E+2	-1.194580E+2
3.203130E+2	-1.146020E+2
3.242190E+2	-1.112040E+2
3.281250E+2	-1.094100E+2
3.320310E+2	-1.099220E+2
3.359380E+2	-1.115980E+2
3.398440E+2	-1.165190E+2
3.437500E+2	-1.111100E+2
3.476560E+2	-1.061880E+2
3.515630E+2	-1.107860E+2
3.554690E+2	-1.120330E+2
3.593750E+2	-1.039900E+2
3.632810E+2	-1.051130E+2
3.671880E+2	-1.101510E+2
3.710940E+2	-1.111860E+2
3.750000E+2	-1.092280E+2
3.789060E+2	-1.105220E+2
3.828130E+2	-1.107800E+2
3.867190E+2	-1.118620E+2
3.906250E+2	-1.183770E+2
3.945310E+2	-1.186290E+2
3.984380E+2	-1.160660E+2
4.023440E+2	-1.222340E+2
4.062500E+2	-1.169950E+2
4.101560E+2	-1.120620E+2
4.140630E+2	-1.117740E+2
4.179690E+2	-1.079230E+2
4.218750E+2	-1.083050E+2
4.257810E+2	-1.051600E+2
4.296880E+2	-7.563270E+1
4.335940E+2	-5.954640E+1
4.375000E+2	-5.216770E+1
4.414060E+2	-5.167970E+1
4.453130E+2	-5.797070E+1
4.492190E+2	-7.255190E+1
4.531250E+2	-9.892730E+1
4.570310E+2	-1.083930E+2
4.609380E+2	-1.212690E+2
4.648440E+2	-1.242860E+2
4.687500E+2	-1.185410E+2
4.726560E+2	-1.144550E+2
4.765630E+2	-1.132030E+2
4.804690E+2	-1.133670E+2
4.843750E+2	-1.160540E+2
4.882810E+2	-1.149840E+2
4.921880E+2	-1.115270E+2
4.960940E+2	-1.074110E+2
5.000000E+2	-1.062410E+2
5.039060E+2	-1.091110E+2
5.078130E+2	-1.095280E+2
5.117190E+2	-1.100450E+2
5.156250E+2	-1.120800E+2
5.195310E+2	-1.144490E+2
5.234380E+2	-1.119680E+2
5.273440E+2	-1.103450E+2
5.312500E+2	-1.114210E+2
5.351560E+2	-1.107860E+2
5.390630E+2	-1.124680E+2
5.429690E+2	-1.209050E+2
5.468750E+2	-1.132560E+2
5.507810E+2	-1.053420E+2
5.546880E+2	-1.043890E+2
5.585940E+2	-1.078410E+2
5.625000E+2	-1.138260E+2
5.664060E+2	-1.225450E+2
5.703130E+2	-1.244800E+2
5.742190E+2	-1.187120E+2
5.781250E+2	-1.206930E+2
5.820310E+2	-1.218870E+2
5.859380E+2	-1.340810E+2
5.898440E+2	-1.313350E+2
5.937500E+2	-1.221100E+2
5.976560E+2	-1.189470E+2
6.015630E+2	-1.224040E+2
6.054690E+2	-1.315110E+2
6.093750E+2	-1.280950E+2
6.132810E+2	-1.187410E+2
6.171880E+2	-1.169480E+2
6.210940E+2	-1.183770E+2
6.250000E+2	-1.263900E+2
6.289060E+2	-1.233680E+2
6.328130E+2	-1.158130E+2
6.367190E+2	-1.152490E+2
6.406250E+2	-1.172540E+2
6.445310E+2	-1.228570E+2
6.484380E+2	-1.363910E+2
6.523440E+2	-1.231800E+2
6.562500E+2	-1.293360E+2
6.601560E+2	-1.275310E+2
6.640630E+2	-1.202230E+2
6.679690E+2	-1.191350E+2
6.718750E+2	-1.262200E+2
6.757810E+2	-1.196170E+2
6.796880E+2	-1.160130E+2
6.835940E+2	-1.176480E+2
6.875000E+2	-1.178470E+2
6.914060E+2	-1.151140E+2
6.953130E+2	-1.178830E+2
6.992190E+2	-1.363910E+2
7.031250E+2	-1.201400E+2
7.070310E+2	-1.161130E+2
7.109380E+2	-1.175480E+2
7.148440E+2	-1.305650E+2
7.187500E+2	-1.164890E+2
7.226560E+2	-1.142430E+2
7.265630E+2	-1.129150E+2
7.304690E+2	-1.126320E+2
7.343750E+2	-1.134610E+2
7.382810E+2	-1.125740E+2
7.421880E+2	-1.129030E+2
7.460940E+2	-1.152130E+2
7.500000E+2	-1.144370E+2
7.539060E+2	-1.126030E+2
7.578130E+2	-1.126620E+2
7.617190E+2	-1.168360E+2
7.656250E+2	-1.249910E+2
7.695310E+2	-1.228570E+2
7.734380E+2	-1.208990E+2
7.773440E+2	-1.206520E+2
7.812500E+2	-1.201230E+2
7.851560E+2	-1.194880E+2
7.890630E+2	-1.181710E+2
7.929690E+2	-1.235040E+2
7.968750E+2	-1.331170E+2
8.007810E+2	-1.271610E+2
8.046880E+2	-1.280070E+2
8.085940E+2	-1.258490E+2
8.125000E+2	-1.184880E+2
8.164060E+2	-1.170480E+2
8.203130E+2	-1.291660E+2
8.242190E+2	-1.212460E+2
8.281250E+2	-1.204230E+2
8.320310E+2	-1.208460E+2
8.359380E+2	-1.186940E+2
8.398440E+2	-1.193470E+2
8.437500E+2	-1.234800E+2
8.476560E+2	-1.275550E+2
8.515630E+2	-1.273550E+2
8.554690E+2	-1.216570E+2
8.593750E+2	-1.177180E+2
8.632810E+2	-1.179470E+2
8.671880E+2	-1.215930E+2
8.710940E+2	-9.987390E+1
8.750000E+2	-8.743290E+1
8.789060E+2	-8.302910E+1
8.828130E+2	-8.537500E+1
8.867190E+2	-9.483520E+1
8.906250E+2	-1.129680E+2
8.945310E+2	-1.244150E+2
8.984380E+2	-1.246320E+2
9.023440E+2	-1.308180E+2
9.062500E+2	-1.312060E+2
9.101560E+2	-1.209400E+2
9.140630E+2	-1.182180E+2
9.179690E+2	-1.194110E+2
9.218750E+2	-1.199880E+2
9.257810E+2	-1.170010E+2
9.296880E+2	-1.179420E+2
9.335940E+2	-1.204760E+2
9.375000E+2	-1.207280E+2
9.414060E+2	-1.246320E+2
9.453130E+2	-1.289890E+2
9.492190E+2	-1.274130E+2
9.531250E+2	-1.197940E+2
9.570310E+2	-1.147610E+2
9.609380E+2	-1.159950E+2
9.648440E+2	-1.238450E+2
9.687500E+2	-1.190940E+2
9.726560E+2	-1.183410E+2
9.765630E+2	-1.243440E+2
9.804690E+2	-1.343570E+2
9.843750E+2	-1.275310E+2
9.882810E+2	-1.213990E+2
9.921880E+2	-1.207280E+2
9.960940E+2	-1.268550E+2
1.000000E+3	-1.289770E+2
1.003910E+3	-1.226100E+2
1.007810E+3	-1.223160E+2
1.011720E+3	-1.282130E+2
1.015630E+3	-1.298360E+2
1.019530E+3	-1.238270E+2
1.023440E+3	-1.258670E+2
1.027340E+3	-1.363910E+2
1.031250E+3	-1.363910E+2
1.035160E+3	-1.230040E+2
1.039060E+3	-1.199990E+2
1.042970E+3	-1.199460E+2
1.046880E+3	-1.200050E+2
1.050780E+3	-1.177240E+2
1.054690E+3	-1.173480E+2
1.058590E+3	-1.193940E+2
1.062500E+3	-1.281370E+2
1.066410E+3	-1.363910E+2
1.070310E+3	-1.256970E+2
1.074220E+3	-1.218810E+2
1.078130E+3	-1.233680E+2
1.082030E+3	-1.265310E+2
1.085940E+3	-1.277840E+2
1.089840E+3	-1.250380E+2
1.093750E+3	-1.242090E+2
1.097660E+3	-1.251730E+2
1.101560E+3	-1.308940E+2
1.105470E+3	-1.347920E+2
1.109380E+3	-1.319520E+2
1.113280E+3	-1.222980E+2
1.117190E+3	-1.216400E+2
1.121090E+3	-1.281840E+2
1.125000E+3	-1.300120E+2
1.128910E+3	-1.343570E+2
1.132810E+3	-1.290010E+2
1.136720E+3	-1.247440E+2
1.140630E+3	-1.228570E+2
1.144530E+3	-1.261550E+2
1.148440E+3	-1.291660E+2
1.152340E+3	-1.347920E+2
1.156250E+3	-1.289770E+2
1.160160E+3	-1.236920E+2
1.164060E+3	-1.197470E+2
1.167970E+3	-1.182360E+2
1.171880E+3	-1.195230E+2
1.175780E+3	-1.251320E+2
1.179690E+3	-1.363910E+2
1.183590E+3	-1.246320E+2
1.187500E+3	-1.207640E+2
1.191410E+3	-1.186760E+2
1.195310E+3	-1.202700E+2
1.199220E+3	-1.223040E+2
1.203130E+3	-1.293180E+2
1.207030E+3	-1.280070E+2
1.210940E+3	-1.237150E+2
1.214840E+3	-1.239800E+2
1.218750E+3	-1.275310E+2
1.222660E+3	-1.244440E+2
1.226560E+3	-1.243440E+2
1.230470E+3	-1.306120E+2
1.234380E+3	-1.261790E+2
1.238280E+3	-1.217930E+2
1.242190E+3	-1.263260E+2
1.246090E+3	-1.235510E+2
1.250000E+3	-1.183880E+2
1.253910E+3	-1.203700E+2
1.257810E+3	-1.306350E+2
1.261720E+3	-1.208700E+2
1.265630E+3	-1.185940E+2
1.269530E+3	-1.187650E+2
1.273440E+3	-1.274250E+2
1.277340E+3	-1.224860E+2
1.281250E+3	-1.175480E+2
1.285160E+3	-1.184120E+2
1.289060E+3	-1.260490E+2
1.292970E+3	-1.363910E+2
1.296880E+3	-1.363270E+2
1.300780E+3	-1.280010E+2
1.304690E+3	-1.236920E+2
1.308590E+3	-1.196640E+2
1.312500E+3	-1.173360E+2
1.316410E+3	-1.123850E+2
1.320310E+3	-1.119970E+2
1.324220E+3	-1.132440E+2
1.328130E+3	-1.150140E+2
1.332030E+3	-1.177000E+2
1.335940E+3	-1.209340E+2
1.339840E+3	-1.201460E+2
1.343750E+3	-1.214630E+2
1.347660E+3	-1.363910E+2
1.351560E+3	-1.363910E+2
1.355470E+3	-1.354680E+2
1.359380E+3	-1.293360E+2
1.363280E+3	-1.244440E+2
1.367190E+3	-1.363910E+2
1.371090E+3	-1.265610E+2
1.375000E+3	-1.229740E+2
1.378910E+3	-1.228800E+2
1.382810E+3	-1.303650E+2
1.386720E+3	-1.363910E+2
1.390630E+3	-1.363910E+2
1.394530E+3	-1.239330E+2
1.398440E+3	-1.212580E+2
1.402340E+3	-1.238740E+2
1.406250E+3	-1.295710E+2
1.410160E+3	-1.279540E+2
1.414060E+3	-1.249620E+2
1.417970E+3	-1.241560E+2
1.421880E+3	-1.290890E+2
1.425780E+3	-1.363910E+2
1.429690E+3	-1.282190E+2
1.433590E+3	-1.200580E+2
1.437500E+3	-1.194350E+2
1.441410E+3	-1.214280E+2
1.445310E+3	-1.239030E+2
1.449220E+3	-1.233450E+2
1.453130E+3	-1.298480E+2
1.457030E+3	-1.363910E+2
1.460940E+3	-1.308710E+2
1.464840E+3	-1.242210E+2
1.468750E+3	-1.230160E+2
1.472660E+3	-1.192530E+2
1.476560E+3	-1.179470E+2
1.480470E+3	-1.192700E+2
1.484380E+3	-1.252620E+2
1.488280E+3	-1.358680E+2
1.492190E+3	-1.292300E+2
1.496090E+3	-1.287420E+2
1.500000E+3	-1.363910E+2
1.503910E+3	-1.310120E+2
1.507810E+3	-1.258670E+2
1.511720E+3	-1.227800E+2
1.515630E+3	-1.217040E+2
1.519530E+3	-1.224690E+2
1.523440E+3	-1.267960E+2
1.527340E+3	-1.276960E+2
1.531250E+3	-1.363270E+2
1.535160E+3	-1.264550E+2
1.539060E+3	-1.201230E+2
1.542970E+3	-1.197940E+2
1.546880E+3	-1.216870E+2
1.550780E+3	-1.293540E+2
1.554690E+3	-1.363910E+2
1.558590E+3	-1.296710E+2
